[1.00000000e+00 9.98566387e-01 1.00000000e+00 9.98357321e-01
 4.52122768e-28 1.00000000e+00 9.98802748e-01 9.98521912e-01
 1.15252062e-21 3.42660670e-10 1.76610498e-12 9.82741173e-10
 2.90906497e-08 8.78050874e-09 9.99893853e-01 1.66085053e-16
 1.82480505e-03 1.00000000e+00 2.17052851e-12 2.32934693e-08
 9.99998857e-01 1.27043961e-06 6.92927881e-05 9.99999960e-01
 5.29252533e-16 9.99999992e-01 2.35941648e-11 9.56617229e-12
 9.98357680e-01 2.73895028e-04 4.99799582e-06 6.73583164e-13
 1.30462586e-18 9.22815937e-10 2.58509536e-09 9.99999952e-01
 1.31002051e-04 7.33113628e-29 9.56953279e-01 5.38547269e-08
 7.37225361e-15 1.00000000e+00 1.00000000e+00 9.99999996e-01
 2.90492773e-28 9.99998730e-01 7.07675721e-13 9.99914050e-01
 9.90152291e-01 1.00000000e+00 9.99999999e-01 1.00000000e+00
 1.00000000e+00 7.07047132e-04 3.69994071e-08 1.00000000e+00
 2.06929382e-36 1.00000000e+00 1.00000000e+00 3.15048905e-10
 5.14315267e-11 3.22949328e-07 9.67774912e-11 4.02339562e-27
 7.38747909e-08 1.81453544e-38 5.13255203e-18 7.45912093e-08
 5.62758566e-12 1.00000000e+00 4.78296900e-02 9.99985564e-01
 9.49917470e-01 9.99999641e-01 9.99997832e-01 1.67696873e-28
 5.55332867e-06 9.99999709e-01 5.95921665e-22 1.00000000e+00
 1.00000000e+00 1.00000000e+00 5.07528786e-05 9.99999990e-01
 1.53817797e-21 1.00000000e+00 5.76449108e-11 1.00000000e+00
 1.00000000e+00 4.11098317e-05 9.99999965e-01 1.74269338e-06
 1.56196529e-20 1.00000000e+00 1.00000000e+00 1.07752637e-03
 1.67824479e-07 1.00000000e+00 1.00000000e+00 9.87842335e-01
 2.25496669e-04 9.99999997e-01 1.00000000e+00 9.98357606e-01
 1.00000000e+00 3.89885524e-02 9.99999738e-01 1.00000000e+00
 1.00000000e+00 1.51749107e-17 9.53036573e-12 1.02945343e-13
 9.08922474e-01 4.98784155e-13 6.64873118e-08 1.00000000e+00
 9.99999988e-01 6.56321704e-02 9.99998588e-01 9.87842335e-01
 1.00000000e+00 1.00000000e+00 6.46108189e-03 9.98668577e-01
 1.27042347e-06 1.01337162e-07 5.55332867e-06 8.08330495e-09
 1.31007354e-04 9.99989550e-01 2.18331202e-06 5.31451313e-02
 1.56521722e-13 1.00000000e+00 1.22694986e-22 3.20270481e-35
 3.18543672e-15 9.99999453e-01 9.97747160e-01 9.99999918e-01
 9.99997817e-01 9.99999960e-01 9.40464836e-06 1.00000000e+00
 9.99868998e-01 5.29495417e-15 9.99695675e-01 1.00000000e+00
 1.00000000e+00 1.00000000e+00 9.99999983e-01 1.00000000e+00
 3.69380980e-13 1.00000000e+00 9.99914050e-01 1.00000000e+00
 1.00000000e+00 1.00000000e+00 4.35294302e-22 2.74189211e-11
 4.96787513e-14 9.99999392e-01 9.98802748e-01 1.84920090e-09
 9.99999641e-01 4.21685699e-05 5.38547226e-08 1.00000000e+00
 9.99999998e-01 1.00000000e+00 1.00000000e+00 1.00000000e+00
 2.54186583e-02 1.99668333e-04 1.00000000e+00 2.21240872e-18
 9.99999734e-01 9.88980746e-01 9.99999999e-01 3.87420489e-02
 1.00000000e+00 9.99991536e-01 1.00000000e+00 4.65602639e-03
 1.00000000e+00 1.08984199e-03 1.00000000e+00 1.00000000e+00
 9.99999995e-01 1.19232125e-17 1.00000000e+00 5.81498837e-03
 3.48678440e-02 3.32168855e-29 9.99999828e-01 2.38560890e-13
 9.99999995e-01 6.33696668e-18 1.99667833e-04 6.29572913e-05
 1.21617138e-02 9.86244979e-01 8.96430802e-23 1.00000000e+00
 9.99999899e-01 9.32974356e-01 5.15377521e-04 3.13810596e-02
 9.21880619e-11 8.99778147e-01 1.00085950e-01 4.29579966e-09
 3.80790327e-10 1.00000000e+00 8.86293818e-03 1.91875878e-42
 1.17989207e-19 1.50094635e-02 4.30467210e-02 6.07639610e-07
 1.64232033e-03 9.84771557e-03 1.99256272e-11 2.31349100e-15
 9.83322808e-01 3.85087102e-19 9.97747160e-01 9.69773730e-04
 2.81332359e-16 1.08543618e-11 9.99994635e-01 2.61615934e-07
 9.99999998e-01 3.08394603e-10 9.99930380e-01 3.66733836e-19
 3.58065574e-14 9.99992382e-01 2.08706758e-08 1.29007077e-05
 7.48020777e-31 9.92403564e-01 1.00000000e+00 1.00000000e+00
 2.99072975e-12 1.75194750e-02 1.28210955e-26 1.47808829e-03
 5.46875663e-07 2.35436635e-07 5.14315982e-11 5.29276398e-16
 1.79855484e-04 1.64232033e-03 9.17654361e-18 9.68618940e-01
 4.11099101e-05 2.15147331e-06 1.04873217e-10 5.90490000e-02
 3.03698022e-11 2.21436370e-37 1.79701030e-04 1.89898515e-21
 2.29610482e-09 9.95289871e-01]
